LODZKIE 36 50 2254 374 48 64 4104 673 12 17 306 68
MAZOWIECKIE 43 257 2603 22158 51 222 4809 26132 13 202 31 9942
MALOPOLSKIE 78 89 5132 6894 54 52 5189 535 9 13 344 628
SLASKIE 115 119 7602 8937 74 70 633 666 138 155 4121 5392
LUBELSKIE 31 54 197 4565 60 82 5592 9486 14 59 37 2479
PODKARPACKIE 262 187 16766 15094 127 104 12126 12756 39 48 1238 2084
PODLASKIE 86 130 5151 9388 36 50 3134 5333 18 76 462 4799
SWIETOKRZYSKIE 14 20 918 1443 16 16 1576 165 3 3 72 177
LUBUSKIE 233 224 14571 17175 135 108 12633 12034 196 254 5503 11966
WIELKOPOLSKIE 314 317 19526 23095 211 183 20361 19856 259 419 7039 17662
ZACHODNIOPOMORSKIE 562 657 35519 4753 251 243 23971 26632 597 970 16909 4364
DOLNOSLASKIE 286 275 1953 22537 223 207 20763 22068 243 352 7239 1553
OPOLSKIE 269 189 1848 1457 172 107 13472 9883 372 271 11159 10441
KUJAWSKO-POMORSKIE 149 196 917 1436 86 86 8388 9564 64 127 1577 5224
POMORSKIE 228 263 14033 18961 106 97 1018 1070 69 158 1654 6723
WARMINSKO-MAZURSKIE 310 393 18902 29731 170 218 16048 24764 255 519 7094 24186
